1 9.31323e-10 -3.27418e-11 0 -9.31323e-10 1 -4.65661e-10 7.45058e-09 1.09139e-11 -9.31323e-10 1 0
0.999991 -0.00316351 -0.00274942 -0.00135393 0.00316045 0.999994 -0.00111659 -0.0248245 0.00275294 0.00110789 0.999996 0.672716
0.999969 -0.00274641 -0.00740973 -0.00497909 0.00272564 0.999992 -0.00281192 -0.0381271 0.0074174 0.00279163 0.999969 1.37469
0.999925 -0.00226129 -0.0120078 -0.0149304 0.0022199 0.999992 -0.00345849 -0.0500735 0.0120155 0.00343158 0.999922 2.08592
0.999855 -0.00103747 -0.0170278 -0.0315576 0.000971246 0.999992 -0.00389727 -0.0597511 0.0170317 0.00388016 0.999847 2.81254
0.999759 -0.00222044 -0.0218404 -0.0495894 0.00213642 0.99999 -0.0038696 -0.0735588 0.0218488 0.003822 0.999754 3.55139
0.99969 -0.000911992 -0.0248676 -0.0810928 0.000785158 0.999987 -0.00510963 -0.0882149 0.024872 0.00508852 0.999678 4.31233
0.999573 0.00254257 -0.0291203 -0.110765 -0.00272044 0.999978 -0.00607018 -0.105792 0.0291042 0.00614681 0.999558 5.08088
0.999438 0.00434114 -0.0332473 -0.142767 -0.00450281 0.999978 -0.00478932 -0.11819 0.0332258 0.00493634 0.999436 5.87572
0.999253 0.00411408 -0.0384275 -0.178263 -0.00420248 0.999989 -0.00221999 -0.130267 0.0384179 0.00237982 0.999259 6.68287
0.99914 0.00316445 -0.0413488 -0.210747 -0.00314262 0.999995 0.000592886 -0.147616 0.0413505 -0.000462433 0.999145 7.4899
0.999058 0.00415894 -0.043206 -0.262974 -0.00415197 0.999991 0.000250934 -0.160833 0.0432067 -7.13076e-05 0.999066 8.3076
0.998902 0.00440742 -0.0466352 -0.299289 -0.00442604 0.99999 -0.000295968 -0.172621 0.0466335 0.000502053 0.998912 9.12611
0.998803 0.0019614 -0.0488846 -0.344714 -0.00199714 0.999998 -0.000682205 -0.188522 0.0488832 0.000779017 0.998804 9.97755
0.998667 0.00153675 -0.0515914 -0.38546 -0.00154299 0.999999 -8.11308e-05 -0.199615 0.0515912 0.000160627 0.998668 10.8113
0.998627 -0.000793846 -0.052385 -0.441211 0.000753575 0.999999 -0.000788476 -0.216378 0.0523856 0.000747916 0.998627 11.671
0.998523 0.00138179 -0.0543057 -0.492094 -0.00152752 0.999995 -0.00264212 -0.23077 0.0543018 0.00272117 0.998521 12.528
0.998391 0.00284429 -0.056632 -0.538914 -0.0031681 0.999979 -0.00562889 -0.251279 0.0566148 0.00579925 0.998379 13.3993
0.99828 0.00672065 -0.0582482 -0.604149 -0.00713485 0.999951 -0.00690587 -0.263994 0.0581989 0.00730958 0.998278 14.2792
0.99822 0.00787007 -0.0591167 -0.662702 -0.00829494 0.999942 -0.00694507 -0.281518 0.0590586 0.00742308 0.998227 15.1595